# N_list (dir):
# N_list (vect):
# func_list: 
# dt array (dir):
# 10 50 100 500 1000 2000 5000
10 50 100 500 1000 2000 5000 6000 7000 8000 9000 10000 25000 50000
# acc_dir_vepe, acc_dir_gia, acc_dir_diego, acc_vect_vepe, acc_onearray_vepe, jerk_vepe, acc_vect_gia, acc_opt_gia, acc_vect_diego, acceleration_pyfalcon
0.0005032448098063469 0.012440914288163185 0.05018898472189903 0.981158435344696 4.003177961334586 15.706317758187652 99.26949907466769 0 0 0 0 0 0 0
0.0013487786054611206 0.034483686089515686 0.11443841829895973 2.7910314155742526 11.185026198625565 45.062155234627426 280.5661887852475 0 0 0 0 0 0 0
0.0004898486658930779 0.01134256087243557 0.03703292552381754 1.0168533120304346 3.621600691229105 14.932899214327335 92.66722526494414 0 0 0 0 0 0 0
0.0002735462039709091 0.0008215652778744698 0.0022046538069844246 0.31849389243870974 0.2765007149428129 1.0934482626616955 6.688152068294585 11.207627306692302 14.273097408935428 18.76378625072539 24.19940929953009 29.37824989017099 203.47473557759076 898.1593906451017
0.00011572055518627167 0.0004018489271402359 0.0012485478073358536 0.0423034206032753 0.14352971408516169 0.5654879193753004 3.8409298434853554 4.956621114164591 6.544686980545521 9.618748111650348 12.771108311600983 15.983888300135732 118.88478324003518 582.9061046801507
0.0005362983793020248 0.0013172207400202751 0.0043461937457323074 0.3634609514847398 0.5630966387689114 2.659609515219927 11.23828808683902 17.96073973737657 23.919337863102555 31.653819674625993 41.92042906302959 49.2500021122396 356.1486474405974 1819.6256237905473
0.017461522482335567 0.017691688612103462 0.01875998079776764 0.17614873684942722 0.4560190858319402 1.714367794804275 11.81942989397794 14.505390265956521 20.558089088648558 29.56953762937337 39.48303172085434 44.39819399360567 363.0232092682272 1745.1389166601002
0.023516692221164703 0.02690222766250372 0.023255428299307823 0.14029643777757883 0.3785458654165268 1.5163913955911994 10.530495072714984 14.131703302264214 20.89657589327544 28.54128587245941 34.836986565962434 43.523290316574275 307.3010031571612 1307.389854845591
0.0003184778615832329 0.0006434665992856026 0.0018443455919623375 0.05526609718799591 0.21754134446382523 0.857333006337285 7.368105918169022 8.824620428495109 10.625098225660622 13.92620474845171 17.342416080646217 21.30157779622823 133.2668102150783 638.9742570482194
0.0003104284405708313 0.00017592869699001312 0.00023197103291749954 0.0008674990385770798 0.0018795160576701164 0.0039712050929665565 0.01032848097383976 0.012692651711404324 0.015011461451649666 0.01751765049993992 0.019368876703083515 0.022295987233519554 0.054712080396711826 0.11216587200760841